s1     [2688,    0,   14,    9,    3,   25,   21,   10,   22,    7],
       [   0, 3012,   36,   25,    3,    4,    9,   11,   58,    6],
       [  38,   31, 2415,   53,   47,   20,   36,   49,   60,   14],
       [  22,   23,   96, 2449,   10,  108,   14,   34,   86,   38],
       [  11,   12,   17,    5, 2454,    6,   34,   14,   26,  135],
       [  62,   18,   35,   92,   37, 2087,   64,   17,  136,   42],
       [  32,    2,   23,    3,   33,   24, 2591,    4,   24,    4],
       [  10,   13,   37,   11,   28,    6,    2, 2670,   16,  128],
       [  33,   60,   80,   81,   25,  137,   28,   22, 2211,   52],
       [  17,    6,    6,   34,  144,   26,    2,  190,   61, 2354]

s2     [2719,    0,   13,    5,    7,   16,   21,    7,   10,    1],
       [   0, 3067,   22,   11,    5,    9,    4,   11,   30,    5],
       [  17,    8, 2567,   25,   34,    8,   22,   35,   38,    9],
       [   7,    4,   64, 2640,    2,   70,   13,   29,   32,   19],
       [   4,    3,   15,    0, 2567,    2,   20,    5,    3,   95],
       [  35,    5,   21,  101,   18, 2303,   30,    9,   45,   23],
       [  20,    3,   11,    1,   10,   35, 2652,    1,    7,    0],
       [   8,   12,   23,    6,   10,    2,    3, 2789,    2,   66],
       [  23,   28,   39,   59,   18,   71,   15,   12, 2417,   47],
       [  14,    4,    2,   36,   70,   13,    1,   53,   19, 2628]

ms1    [2694,    0,   22,   14,    6,   16,   22,    4,   12,    9],
       [   0, 3018,   59,   13,    3,    9,    7,    9,   36,   10],
       [  21,   22, 2532,   34,   25,    7,   45,   34,   33,   10],
       [  21,   17,  174, 2410,    6,  116,   19,   26,   42,   49],
       [   6,   12,   26,    6, 2434,    6,   35,   18,   17,  154],
       [  58,   28,   53,   99,   29, 2076,   92,   18,   98,   39],
       [  18,    7,   30,    4,   21,   19, 2622,    3,   11,    5],
       [  11,   15,   47,   17,   29,    3,    5, 2626,    9,  159],
       [  42,   77,  195,   78,   22,  148,   47,   11, 2028,   81],
       [  16,   20,    6,   41,  114,   22,    5,  100,   19, 2497]

ms2    [2697,    0,   14,    9,    3,   25,   20,    3,   25,    3],
       [   0, 3069,   15,   14,    2,   15,    6,    7,   27,    9],
       [  34,   18, 2432,   50,   39,    4,   60,   59,   49,   18],
       [  13,   14,   78, 2563,    2,   83,   17,   31,   55,   24],
       [   4,   14,   19,    3, 2516,    4,   33,    9,   13,   99],
       [  50,    8,   18,  120,   27, 2215,   44,   19,   60,   29],
       [  39,    7,   17,    1,   26,   35, 2604,    0,   11,    0],
       [  18,   15,   65,   18,   31,    7,    2, 2676,    5,   84],
       [  21,   37,   42,  116,   11,   82,   21,   18, 2332,   49],
       [  30,    7,   12,   37,  120,   24,    1,   91,   35, 2483]